2.947446145117282867e-02
2.972328662872314453e-02
2.900696173310279846e-02
2.950385212898254395e-02
3.529627621173858643e-02
2.955368347465991974e-02
2.903549000620841980e-02
2.932009659707546234e-02
2.922920323908329010e-02
-1.165520006907172501e-04
7.760839071124792099e-04
2.947446145117282867e-02
2.972328662872314453e-02
2.900696173310279846e-02
2.950385212898254395e-02
3.529627621173858643e-02
2.955368347465991974e-02
2.903549000620841980e-02
2.932009659707546234e-02
2.922920323908329010e-02
-1.165520006907172501e-04
7.760839071124792099e-04
2.947446145117282867e-02
2.972328662872314453e-02
2.900696173310279846e-02
2.950385212898254395e-02
3.529627621173858643e-02
2.955368347465991974e-02
2.903549000620841980e-02
2.932009659707546234e-02
2.922920323908329010e-02
-1.165520006907172501e-04
7.760839071124792099e-04
2.947446145117282867e-02
2.972328662872314453e-02
2.900696173310279846e-02
2.950385212898254395e-02
3.529627621173858643e-02
2.955368347465991974e-02
2.903549000620841980e-02
2.932009659707546234e-02
2.922920323908329010e-02
-1.165520006907172501e-04
7.760839071124792099e-04
3.875428199768066406e+00
3.875428199768066406e+00
3.875428199768066406e+00
3.875428199768066406e+00
3.895031213760375977e+00
