2.962798252701759338e-02
2.965055219829082489e-02
2.917065285146236420e-02
2.941972948610782623e-02
3.501958400011062622e-02
2.995333075523376465e-02
2.911308594048023224e-02
2.951083146035671234e-02
2.936853840947151184e-02
-9.411008068127557635e-05
2.962798252701759338e-02
2.965055219829082489e-02
2.917065285146236420e-02
2.941972948610782623e-02
3.501958400011062622e-02
2.995333075523376465e-02
2.911308594048023224e-02
2.951083146035671234e-02
2.936853840947151184e-02
-9.411008068127557635e-05
2.962798252701759338e-02
2.965055219829082489e-02
2.917065285146236420e-02
2.941972948610782623e-02
3.501958400011062622e-02
2.995333075523376465e-02
2.911308594048023224e-02
2.951083146035671234e-02
2.936853840947151184e-02
-9.411008068127557635e-05
2.962798252701759338e-02
2.965055219829082489e-02
2.917065285146236420e-02
2.941972948610782623e-02
3.501958400011062622e-02
2.995333075523376465e-02
2.911308594048023224e-02
2.951083146035671234e-02
2.936853840947151184e-02
-9.411008068127557635e-05
3.876528739929199219e+00
3.876528739929199219e+00
3.876528739929199219e+00
3.876528739929199219e+00
